0 100 100
0 100 100
640 100 100
0 100 100
0 100 100
0 100 100
0 100 100
0 100 100
0 100 100
0 100 100
0 100 100
0 100 100
0 100 100
0 100 100
0 100 100
0 100 100
0 100 100
0 100 100
0 100 100
0 100 100
0 100 100
0 100 100
640 100 100
0 100 100
0 100 100
0 100 100
0 100 100
0 100 100
0 100 100
0 100 100
0 100 100
0 100 100
0 100 100
0 100 100
0 100 100
0 100 100
0 100 100
0 100 100
0 100 100
0 100 100
640 100 100
0 100 100
1280 100 100
640 100 100
640 100 100
1280 100 100
1920 100 100
1920 100 100
2560 100 100
1280 100 100
3840 100 100
6400 100 100
5760 100 100
5760 100 100
6400 100 100
6400 100 100
6400 100 100
6400 100 100
6400 100 100
6400 100 100
6400 100 100
6400 100 100
6400 100 100
6400 100 100
6400 -100 100
6400 -100 100
6400 -100 100
6400 -100 100
640 -100 100
640 -100 100
640 -100 100
0 -100 100
1280 100 100
1280 100 100
1280 100 100
2560 100 100
1280 100 100
0 100 100
1920 100 100
3200 100 100
3840 100 100
3840 100 100
3200 100 100
5120 100 100
5120 100 100
5760 100 100
5760 100 100
6400 100 100
6400 100 100
6400 100 100
6400 100 100
6400 100 100
6400 100 100
6400 100 100
6400 100 100
6400 100 100
6400 100 100
6400 100 100
6400 100 100
6400 100 -100
6400 100 -100
6400 100 -100
6400 100 -100
6400 100 -100
5760 100 -100
640 100 -100
0 100 -100
0 100 -100
0 100 100
0 100 100
0 100 100
0 100 100
0 100 100
0 100 100
0 100 100
0 100 100
0 100 100
0 100 100
0 100 100
640 100 100
0 100 100
0 100 100
0 100 100
0 100 100
0 100 100
0 100 100
0 100 100
0 100 100
0 100 100
0 100 100
0 100 100
0 100 100
0 100 100
0 100 100
0 100 100
0 100 100
0 100 100
0 100 100
0 100 100
0 100 100
0 100 100
0 100 100
0 100 100
0 100 100
0 100 100
0 100 100
0 100 100
0 100 100
0 100 100
0 100 100
0 100 100
0 100 100
0 100 100
0 100 100
0 100 100
0 100 100
0 100 100
0 100 100
0 100 100
0 100 100
0 100 100
0 100 100
0 100 100
0 100 100
0 100 100
0 100 100
0 100 100
0 100 100
0 100 100
0 100 100
0 100 100
0 100 100
0 100 100
0 100 100
0 100 100
0 100 100
0 100 100
0 100 100
0 100 100
0 100 100
0 100 100
0 100 100
0 100 100
0 100 100
0 0 0
0 0 0
0 0 0
0 0 0
0 0 0
